0.161000 0.000000 0.000000 0.000000
0.000000 0.161000 0.000000 0.000000
0.000000 0.000000 0.161000 0.000000
0.000000 0.000000 0.000000 1.000000

0.161000 0.000000 0.000000 0.000000
0.000000 0.161000 0.000000 0.000000
0.000000 0.000000 0.161000 0.000000
0.000000 0.000000 0.000000 1.000000

0.161000 0.000000 0.000000 0.000000
0.000000 0.161000 0.000000 0.000000
0.000000 0.000000 0.161000 0.000000
0.000000 0.000000 0.000000 1.000000

0.161000 0.000000 0.000000 0.000000
0.000000 0.161000 0.000000 0.000000
0.000000 0.000000 0.161000 0.000000
0.000000 0.000000 0.000000 1.000000

0.161000 0.000000 0.000000 0.000000
0.000000 0.161000 0.000000 0.000000
0.000000 0.000000 0.161000 0.000000
0.000000 0.000000 0.000000 1.000000

0.161000 0.000000 -0.000000 0.000000
-0.000000 0.161000 -0.000000 0.000000
0.000000 0.000000 0.161000 0.000000
0.005521 15.388185 0.080559 1.000000

0.161000 -0.000245 0.000032 0.000000
0.000247 0.160109 -0.016915 0.000000
-0.000006 0.016915 0.160109 0.000000
0.008309 17.090733 -0.099315 1.000000

0.161000 -0.000245 0.000032 0.000000
0.000247 0.160109 -0.016916 0.000000
-0.000006 0.016916 0.160109 0.000000
0.011369 19.077040 -0.309167 1.000000

0.161000 0.000000 -0.000000 0.000000
-0.000000 0.161000 -0.000000 0.000000
0.000000 0.000000 0.161000 0.000000
0.014867 21.347101 -0.548999 1.000000

0.161000 0.000000 -0.000000 0.000000
-0.000000 0.161000 -0.000000 0.000000
0.000000 0.000000 0.161000 0.000000
0.018801 23.900925 -0.818807 1.000000

0.161000 0.000000 -0.000000 0.000000
-0.000000 0.161000 -0.000000 0.000000
0.000000 0.000000 0.161000 0.000000
0.018801 24.796736 -0.659725 1.000000

0.161000 0.000000 -0.000000 0.000000
-0.000000 0.161000 -0.000000 0.000000
0.000000 0.000000 0.161000 0.000000
0.018801 27.744947 -0.162732 1.000000

-0.000000 -0.000000 -0.161000 0.000000
0.161000 0.000000 -0.000000 0.000000
0.000000 -0.161000 0.000000 0.000000
0.386597 26.074387 0.477531 1.000000

0.000000 0.000000 0.161000 0.000000
-0.161000 -0.000000 0.000000 0.000000
0.000000 -0.161000 0.000000 0.000000
-0.363977 26.074387 0.477531 1.000000

0.000341 0.000000 -0.161000 0.000000
0.159615 -0.021068 0.000338 0.000000
-0.021068 -0.159616 -0.000045 0.000000
0.970397 23.548008 -0.816680 1.000000

0.000000 -0.000000 -0.161000 0.000000
0.161000 0.000000 0.000000 0.000000
0.000000 -0.161000 0.000000 0.000000
2.982808 23.282387 -0.812414 1.000000

0.000000 -0.000000 -0.161000 0.000000
0.161000 0.000001 0.000000 0.000000
0.000001 -0.161000 0.000000 0.000000
7.100274 23.282393 -0.812408 1.000000

0.000000 0.000044 -0.161000 0.000000
0.161000 0.000000 0.000000 0.000000
0.000000 -0.161000 -0.000044 0.000000
10.578417 23.282398 -0.812403 1.000000

0.082108 0.003778 -0.138437 0.000000
0.124710 -0.072001 0.072002 0.000000
-0.060221 -0.143953 -0.039646 0.000000
11.149260 22.975071 -0.430856 1.000000

0.082108 0.003778 -0.138438 0.000000
0.124710 -0.072001 0.072001 0.000000
-0.060221 -0.143953 -0.039646 0.000000
11.499496 22.772863 -0.228648 1.000000

0.082108 0.003778 -0.138437 0.000000
0.124710 -0.072001 0.072002 0.000000
-0.060221 -0.143953 -0.039647 0.000000
11.796175 22.601576 -0.057359 1.000000

0.082108 0.003778 -0.138437 0.000000
0.124710 -0.072001 0.072002 0.000000
-0.060221 -0.143953 -0.039647 0.000000
12.101089 22.425533 0.118681 1.000000

0.000000 0.000044 -0.161000 0.000000
0.161000 0.000000 0.000000 0.000000
0.000000 -0.161000 -0.000044 0.000000
12.173883 23.329212 -0.435342 1.000000

-0.000000 0.000044 -0.161000 0.000000
0.161000 0.000001 0.000000 0.000000
0.000001 -0.161000 -0.000044 0.000000
12.781936 23.329214 -0.435342 1.000000

-0.000000 0.000044 -0.161000 0.000000
0.161000 0.000001 -0.000000 0.000000
0.000001 -0.161000 -0.000044 0.000000
13.191363 23.329220 -0.435342 1.000000

-0.000000 0.000044 -0.161000 0.000000
0.161000 0.000001 -0.000000 0.000000
0.000001 -0.161000 -0.000044 0.000000
13.598541 23.329227 -0.435342 1.000000

0.000000 0.000044 -0.161000 0.000000
0.161000 0.000001 0.000000 0.000000
0.000001 -0.161000 -0.000044 0.000000
12.140238 23.282404 -0.812405 1.000000

0.000000 0.000044 -0.161000 0.000000
0.161000 0.000001 0.000000 0.000000
0.000001 -0.161000 -0.000044 0.000000
12.786592 23.282410 -0.812404 1.000000

0.000000 0.000044 -0.161000 0.000000
0.161000 0.000000 0.000000 0.000000
0.000000 -0.161000 -0.000044 0.000000
13.269062 23.282415 -0.812404 1.000000

0.000000 0.000044 -0.161000 0.000000
0.161000 0.000000 0.000000 0.000000
0.000000 -0.161000 -0.000044 0.000000
13.723885 23.282421 -0.812404 1.000000

0.000000 0.000044 -0.161000 0.000000
0.161000 0.000001 0.000000 0.000000
0.000001 -0.161000 -0.000044 0.000000
12.077070 23.305616 -1.173309 1.000000

0.000000 0.000044 -0.161000 0.000000
0.161000 -0.000001 0.000000 0.000000
-0.000001 -0.161000 -0.000044 0.000000
12.724194 23.305622 -1.173308 1.000000

0.000000 0.000044 -0.161000 0.000000
0.161000 0.000002 0.000000 0.000000
0.000002 -0.161000 -0.000044 0.000000
13.173513 23.305622 -1.173307 1.000000

0.000000 0.000044 -0.161000 0.000000
0.161000 0.000001 0.000000 0.000000
0.000001 -0.161000 -0.000044 0.000000
13.582568 23.305632 -1.173306 1.000000

0.000000 0.000044 -0.161000 0.000000
0.161000 0.000000 0.000000 0.000000
0.000000 -0.161000 -0.000044 0.000000
12.025079 23.318298 -1.571141 1.000000

0.000000 0.000044 -0.161000 0.000000
0.161000 0.000000 0.000000 0.000000
0.000000 -0.161000 -0.000044 0.000000
12.598646 23.318304 -1.571141 1.000000

0.000001 0.000044 -0.161000 0.000000
0.161000 -0.000000 0.000001 0.000000
-0.000000 -0.161000 -0.000044 0.000000
12.974608 23.318308 -1.571140 1.000000

0.000000 0.000044 -0.161000 0.000000
0.161000 0.000001 0.000000 0.000000
0.000001 -0.161000 -0.000044 0.000000
13.302614 23.318312 -1.571139 1.000000

0.161000 0.000000 0.000000 0.000000
-0.000000 0.161000 -0.000000 0.000000
-0.000000 0.000000 0.161000 0.000000
9.461084 24.191830 -0.876511 1.000000

0.000341 0.000000 0.161000 0.000000
-0.159617 -0.021056 0.000338 0.000000
0.021056 -0.159617 -0.000045 0.000000
-0.947777 23.548008 -0.816680 1.000000

0.000000 0.000000 0.161000 0.000000
-0.161000 0.000012 0.000000 0.000000
-0.000012 -0.161000 0.000000 0.000000
-2.960208 23.282541 -0.812417 1.000000

0.000000 0.000000 0.161000 0.000000
-0.161000 0.000013 0.000000 0.000000
-0.000013 -0.161000 0.000000 0.000000
-7.077679 23.282860 -0.812413 1.000000

0.000000 -0.000041 0.161000 0.000000
-0.161000 0.000013 0.000000 0.000000
-0.000013 -0.161000 -0.000041 0.000000
-10.555844 23.283133 -0.812409 1.000000

0.081742 -0.002913 0.138675 0.000000
-0.124715 -0.071992 0.072001 0.000000
0.060707 -0.143978 -0.038808 0.000000
-11.126684 22.975870 -0.430858 1.000000

0.081742 -0.002913 0.138675 0.000000
-0.124715 -0.071992 0.072001 0.000000
0.060707 -0.143978 -0.038808 0.000000
-11.476935 22.773691 -0.228648 1.000000

0.081742 -0.002913 0.138675 0.000000
-0.124716 -0.071992 0.072001 0.000000
0.060706 -0.143978 -0.038808 0.000000
-11.773628 22.602427 -0.057359 1.000000

0.081742 -0.002913 0.138675 0.000000
-0.124716 -0.071992 0.072001 0.000000
0.060706 -0.143978 -0.038808 0.000000
-12.078548 22.426405 0.118682 1.000000

0.000000 -0.000041 0.161000 0.000000
-0.161000 0.000013 0.000000 0.000000
-0.000013 -0.161000 -0.000041 0.000000
-12.151286 23.330074 -0.435352 1.000000

0.000000 -0.000041 0.161000 0.000000
-0.161000 0.000012 0.000000 0.000000
-0.000012 -0.161000 -0.000041 0.000000
-12.759344 23.330124 -0.435351 1.000000

0.000000 -0.000041 0.161000 0.000000
-0.161000 0.000012 0.000000 0.000000
-0.000012 -0.161000 -0.000041 0.000000
-13.168772 23.330154 -0.435350 1.000000

0.000000 -0.000041 0.161000 0.000000
-0.161000 0.000013 0.000000 0.000000
-0.000013 -0.161000 -0.000041 0.000000
-13.575948 23.330187 -0.435350 1.000000

0.000000 -0.000041 0.161000 0.000000
-0.161000 0.000013 0.000000 0.000000
-0.000013 -0.161000 -0.000041 0.000000
-12.117644 23.283255 -0.812413 1.000000

0.000000 -0.000041 0.161000 0.000000
-0.161000 0.000012 0.000000 0.000000
-0.000012 -0.161000 -0.000041 0.000000
-12.764002 23.283306 -0.812412 1.000000

0.000000 -0.000041 0.161000 0.000000
-0.161000 0.000013 0.000000 0.000000
-0.000013 -0.161000 -0.000041 0.000000
-13.246473 23.283344 -0.812411 1.000000

0.000000 -0.000041 0.161000 0.000000
-0.161000 0.000013 0.000000 0.000000
-0.000013 -0.161000 -0.000041 0.000000
-13.701295 23.283382 -0.812410 1.000000

0.000000 -0.000041 0.161000 0.000000
-0.161000 0.000013 0.000000 0.000000
-0.000013 -0.161000 -0.000041 0.000000
-12.054475 23.306458 -1.173318 1.000000

0.000000 -0.000041 0.161000 0.000000
-0.161000 0.000012 0.000000 0.000000
-0.000012 -0.161000 -0.000041 0.000000
-12.701600 23.306509 -1.173317 1.000000

0.000000 -0.000041 0.161000 0.000000
-0.161000 0.000013 0.000000 0.000000
-0.000013 -0.161000 -0.000041 0.000000
-13.150925 23.306543 -1.173316 1.000000

0.000000 -0.000041 0.161000 0.000000
-0.161000 0.000013 0.000000 0.000000
-0.000013 -0.161000 -0.000041 0.000000
-13.559984 23.306576 -1.173316 1.000000

0.000000 -0.000041 0.161000 0.000000
-0.161000 0.000013 0.000000 0.000000
-0.000013 -0.161000 -0.000041 0.000000
-12.002479 23.319130 -1.571151 1.000000

0.000000 -0.000041 0.161000 0.000000
-0.161000 0.000012 0.000000 0.000000
-0.000012 -0.161000 -0.000041 0.000000
-12.576047 23.319176 -1.571150 1.000000

0.000000 -0.000041 0.161000 0.000000
-0.161000 0.000013 0.000000 0.000000
-0.000013 -0.161000 -0.000041 0.000000
-12.952010 23.319201 -1.571149 1.000000

0.000000 -0.000041 0.161000 0.000000
-0.161000 0.000013 0.000000 0.000000
-0.000013 -0.161000 -0.000041 0.000000
-13.280014 23.319227 -1.571149 1.000000

0.161000 -0.000012 -0.000000 0.000000
0.000012 0.161000 0.000041 0.000000
0.000000 -0.000041 0.161000 0.000000
-11.837432 22.829111 -0.936532 1.000000

-0.161000 -0.000000 -0.000000 0.000000
0.000000 -0.160982 0.002383 0.000000
-0.000000 0.002383 0.160982 0.000000
1.581568 14.442170 -0.013414 1.000000

-0.161000 -0.000000 0.000000 0.000000
0.000000 -0.160436 -0.013469 0.000000
0.000000 -0.013469 0.160436 0.000000
1.581570 7.728879 0.085962 1.000000

-0.160597 0.005694 -0.009862 0.000000
-0.011142 -0.107370 0.119451 0.000000
-0.002353 0.119835 0.107495 0.000000
1.581571 1.795812 -0.412128 1.000000

-0.160677 -0.000000 -0.010191 0.000000
-0.010191 -0.000381 0.160677 0.000000
-0.000024 0.161000 0.000380 0.000000
1.395495 0.002738 1.582708 1.000000

-0.160677 -0.000000 -0.010191 0.000000
-0.010191 -0.000381 0.160677 0.000000
-0.000024 0.161000 0.000380 0.000000
1.322935 0.000024 2.726726 1.000000

-0.161000 -0.000000 0.000000 0.000000
0.000000 -0.160982 0.002384 0.000000
0.000000 0.002384 0.160982 0.000000
-1.581565 14.442169 -0.013414 1.000000

-0.161000 -0.000000 0.000000 0.000000
0.000000 -0.160436 -0.013470 0.000000
0.000000 -0.013470 0.160435 0.000000
-1.581564 7.728880 0.085988 1.000000

-0.160597 -0.005694 0.009862 0.000000
0.011142 -0.107370 0.119451 0.000000
0.002352 0.119834 0.107495 0.000000
-1.581563 1.795822 -0.412140 1.000000

-0.160677 -0.000000 0.010191 0.000000
0.010191 -0.000382 0.160677 0.000000
0.000024 0.161000 0.000381 0.000000
-1.395485 0.002743 1.582690 1.000000

-0.160677 -0.000000 0.010191 0.000000
0.010191 -0.000382 0.160677 0.000000
0.000024 0.160999 0.000381 0.000000
-1.322926 0.000024 2.726708 1.000000

